% # columns="iteration, evaluation, sigma, max axis length,  min axis length, all principle axes lengths  (sorted square roots of eigenvalues of C)", seed=683262, Tue Nov 12 14:43:45 2019
1 6 0.48990670480295767 1.0000250003125026 1.0 1.0 1.0000250003125026
2 12 0.4552145343379169 1.1208506174798671 0.7847983974420359 0.7847983974420359 1.1208506174798671
3 18 0.383141369277227 1.0837262164910306 0.6677380384202831 0.6677380384202831 1.0837262164910306
4 24 0.31180825675177964 1.0299997275135908 0.554731519015909 0.554731519015909 1.0299997275135908
5 30 0.23165351677137652 0.9537382431188333 0.4830009831800076 0.4830009831800076 0.9537382431188333
6 36 0.16978312741417328 0.9998991692995391 0.42119881060807823 0.42119881060807823 0.9998991692995391
7 42 0.16561061550403164 0.9416497409977969 0.35484919303872486 0.35484919303872486 0.9416497409977969
8 48 0.1524308327792662 0.8618552378669209 0.35646085010740125 0.35646085010740125 0.8618552378669209
9 54 0.12247440960089903 0.8033468177004991 0.32429136648154333 0.32429136648154333 0.8033468177004991
10 60 0.08814885734426911 0.8225502106687392 0.2561036391621709 0.2561036391621709 0.8225502106687392
11 66 0.10155483597871041 0.7984254209652972 0.19915584575238637 0.19915584575238637 0.7984254209652972
12 72 0.14481661900789372 0.9074985903613906 0.19083727239386883 0.19083727239386883 0.9074985903613906
13 78 0.14422233527482867 1.2242779030023068 0.1636976913922814 0.1636976913922814 1.2242779030023068
14 84 0.1633542013319206 1.2262327987539214 0.1315005642011449 0.1315005642011449 1.2262327987539214
15 90 0.15224743097828072 1.3873966885918452 0.10807618185483132 0.10807618185483132 1.3873966885918452
16 96 0.1599688956709116 1.3684553628361207 0.0945693323944165 0.0945693323944165 1.3684553628361207
17 102 0.13012099583220596 1.450789106325729 0.0797577894146643 0.0797577894146643 1.450789106325729
18 108 0.14510856670119662 1.2376305234908207 0.07800883553715005 0.07800883553715005 1.2376305234908207
19 114 0.12021341445962076 1.492785434578916 0.0654031934438686 0.0654031934438686 1.492785434578916
20 120 0.08898455015547929 1.3419277428845875 0.06066657341441681 0.06066657341441681 1.3419277428845875
21 126 0.07542302972152314 1.2663973262667765 0.04837440951633129 0.04837440951633129 1.2663973262667765
22 132 0.068526736773258 1.1777666244509097 0.04281531715695419 0.04281531715695419 1.1777666244509097
23 138 0.05189241271327999 1.1707566434069276 0.036738317424808084 0.036738317424808084 1.1707566434069276
24 144 0.04206002312866185 0.991344002443318 0.033970118278512366 0.033970118278512366 0.991344002443318
25 150 0.03646190646268266 0.9997044078931 0.026997593344958395 0.026997593344958395 0.9997044078931
26 156 0.030943200832845043 0.9423642346268402 0.023570797206675244 0.023570797206675244 0.9423642346268402
27 162 0.025748024800523725 0.900346645919275 0.020086599493866382 0.020086599493866382 0.900346645919275
28 168 0.02189952009164659 0.8280362634680681 0.017865410612784786 0.017865410612784786 0.8280362634680681
29 174 0.01690631306369527 0.7409801549242605 0.016476240884421883 0.016476240884421883 0.7409801549242605
30 180 0.013103037437055988 0.7128146757565069 0.013218448890682919 0.013218448890682919 0.7128146757565069
31 186 0.010664078911948956 0.6588935861438586 0.011231624278502557 0.011231624278502557 0.6588935861438586
32 192 0.009585766017911048 0.5721698822110872 0.010491429825700364 0.010491429825700364 0.5721698822110872
33 198 0.007223627635152467 0.5682309728471848 0.008804596261661333 0.008804596261661333 0.5682309728471848
34 204 0.0063548202292369495 0.45457823251941243 0.008430808520035733 0.008430808520035733 0.45457823251941243
35 210 0.005029297758700013 0.4071519270262406 0.007746659436601075 0.007746659436601075 0.4071519270262406
36 216 0.00408378290705298 0.3719589344795333 0.006746226872441299 0.006746226872441299 0.3719589344795333
37 222 0.0034018711071151205 0.3238265115192588 0.006218410667640995 0.006218410667640995 0.3238265115192588
38 228 0.002800495938405774 0.28570718231606507 0.005637286603605849 0.005637286603605849 0.28570718231606507
39 234 0.0024218228796576346 0.2471491781188337 0.0051485441713493224 0.0051485441713493224 0.2471491781188337
40 240 0.0026643341865472316 0.23601641900056572 0.004556590451340332 0.004556590451340332 0.23601641900056572
41 246 0.002400234809118983 0.28606015050900796 0.0035408774090764927 0.0035408774090764927 0.28606015050900796
42 252 0.002175947256144015 0.24764123573750693 0.0032876705469615485 0.0032876705469615485 0.24764123573750693
43 258 0.00224091209685228 0.2351416326596915 0.0031021694928479817 0.0031021694928479817 0.2351416326596915
44 264 0.0017092169590651701 0.21567184904391123 0.003242534894557621 0.003242534894557621 0.21567184904391123
45 270 0.0016805935298313673 0.18667972720688886 0.003013495549852138 0.003013495549852138 0.18667972720688886
46 276 0.001424607130126617 0.17566444899386405 0.0029986878975705126 0.0029986878975705126 0.17566444899386405
47 282 0.0010709099999509691 0.17530948008263184 0.0024001538535949876 0.0024001538535949876 0.17530948008263184
48 288 0.000837850334996081 0.14012839091360363 0.0022843696137567057 0.0022843696137567057 0.14012839091360363
49 294 0.0007204479900231306 0.11698683513135553 0.0021387954816636367 0.0021387954816636367 0.11698683513135553
50 300 0.0007738797998948074 0.11375659584271304 0.0017932357970055358 0.0017932357970055358 0.11375659584271304
51 306 0.0008273089897809748 0.1250023667267223 0.001598569856081789 0.001598569856081789 0.1250023667267223
52 312 0.0008311892063324503 0.12346357032636891 0.0015153537761983282 0.0015153537761983282 0.12346357032636891
53 318 0.0006561877552610023 0.11351831548682455 0.0014329366206356868 0.0014329366206356868 0.11351831548682455
54 324 0.00047920962480316794 0.09308046394535487 0.0013896026801307228 0.0013896026801307228 0.09308046394535487
55 330 0.00043279315656989594 0.08902564645017709 0.001089749826647857 0.001089749826647857 0.08902564645017709
56 336 0.00037695530799731347 0.08375014754745008 0.0009921099185303264 0.0009921099185303264 0.08375014754745008
57 342 0.0003363724768543998 0.07558213679286617 0.0008940379313425594 0.0008940379313425594 0.07558213679286617
58 348 0.00025366362136456234 0.07510131442816938 0.0007270975172190188 0.0007270975172190188 0.07510131442816938
59 354 0.00029299958601834654 0.06560602093827238 0.0006470053329802133 0.0006470053329802133 0.06560602093827238
60 360 0.0002677362086810538 0.07325944823564427 0.0006041989118932704 0.0006041989118932704 0.07325944823564427
61 366 0.00022150595449050978 0.06514241491272174 0.0005685871184490895 0.0005685871184490895 0.06514241491272174
62 372 0.00019719714873368761 0.05571772876410101 0.0005193572108729123 0.0005193572108729123 0.05571772876410101
63 378 0.00016404200258194964 0.05165888899288738 0.0004682351375776409 0.0004682351375776409 0.05165888899288738
64 384 0.00016057271766408202 0.04307692008820537 0.0004408566058804331 0.0004408566058804331 0.04307692008820537
65 390 0.00013537182258282254 0.0446048127997225 0.0003738834687919409 0.0003738834687919409 0.0446048127997225
66 396 0.00010918112793055745 0.04109042355652964 0.000322499479189643 0.000322499479189643 0.04109042355652964
67 402 8.606776379643504e-05 0.03696915459644161 0.0002830333354601602 0.0002830333354601602 0.03696915459644161
68 408 6.749864949506654e-05 0.029666054740754327 0.0002759270134242344 0.0002759270134242344 0.029666054740754327
69 414 5.8508116813563464e-05 0.026086446690939003 0.00026211266591433165 0.00026211266591433165 0.026086446690939003
70 420 4.4259308751609516e-05 0.026513123737110435 0.00021449958948107945 0.00021449958948107945 0.026513123737110435
71 426 4.9031606666742706e-05 0.022185118800760885 0.00019548936405269456 0.00019548936405269456 0.022185118800760885
72 432 4.685096243230014e-05 0.021667084711533183 0.00021156522582215564 0.00021156522582215564 0.021667084711533183
73 438 3.590608296425999e-05 0.02107194258284446 0.0001933326673237125 0.0001933326673237125 0.02107194258284446
74 444 3.0131221902415622e-05 0.01945748716575921 0.00016259232501571237 0.00016259232501571237 0.01945748716575921
75 450 2.2683011630848854e-05 0.01647699386749047 0.0001520616935426902 0.0001520616935426902 0.01647699386749047
76 456 1.685427696863903e-05 0.01453968671773517 0.00013104622720171575 0.00013104622720171575 0.01453968671773517
77 462 1.6839433355027636e-05 0.011921726894194566 0.00012124134699357175 0.00012124134699357175 0.011921726894194566
78 468 1.2946981157715032e-05 0.00997692591982683 0.0001332531608135306 0.0001332531608135306 0.00997692591982683
79 474 1.1127300260130812e-05 0.008493341646231112 0.00011806110890538758 0.00011806110890538758 0.008493341646231112
80 480 8.79127634581423e-06 0.00774424310314887 0.00010471403072899098 0.00010471403072899098 0.00774424310314887
81 486 6.196967012591565e-06 0.006833122620605544 9.21329670020267e-05 9.21329670020267e-05 0.006833122620605544
82 492 5.8893938816779584e-06 0.005845419212212573 8.258164620278746e-05 8.258164620278746e-05 0.005845419212212573
83 498 4.264519928608e-06 0.005743583131391985 7.422290566303908e-05 7.422290566303908e-05 0.005743583131391985
84 504 3.983632610830062e-06 0.004963289902021817 6.633287003029149e-05 6.633287003029149e-05 0.004963289902021817
85 510 3.2296277851542556e-06 0.004193590985268622 6.806782993690998e-05 6.806782993690998e-05 0.004193590985268622
86 516 3.463548389402258e-06 0.003302898564776766 6.826050754610164e-05 6.826050754610164e-05 0.003302898564776766
87 522 4.178307134350825e-06 0.003472221946210639 6.689274738175399e-05 6.689274738175399e-05 0.003472221946210639
88 528 3.664046396155088e-06 0.003894284197515538 6.441303930375541e-05 6.441303930375541e-05 0.003894284197515538
89 534 3.227838774549672e-06 0.0037224479211998324 5.6697212731970477e-05 5.6697212731970477e-05 0.0037224479211998324
90 540 2.5193720389335006e-06 0.0036058327062532974 4.817487987187722e-05 4.817487987187722e-05 0.0036058327062532974
