% # columns="iter, evals, sigma, 0, fitness, xbest" seed=599207, Mon Nov 11 15:14:15 2019, <python>{}</python>
1 6 0.543131171908462 0 116.89788613003826 0.10504719361640573 10.576174571673233
2 12 0.5179398920014128 0 2418.0033637272218 0.7879358504297979 10.04151967976686
3 18 0.7261865806924245 0 1855.648727346981 0.7402596876238972 9.303065587791295
4 24 0.7291453014258404 0 1259.1156060788362 0.2657264241565458 10.001637761161764
5 30 0.8072018035071201 0 1711.0491072462912 1.742779205938455 8.438999248089058
6 36 1.2130260895643938 0 1422.97805133625 2.8364413049033805 6.5766345435039195
7 42 1.142001907623003 0 1423.2406660872814 2.294552960435184 7.29628587231574
8 48 1.1758882937153088 0 1344.770895071095 0.6929118803182386 8.248453068567771
9 54 0.9720415605309631 0 1402.7717552565007 1.064420411468067 7.902551763617891
10 60 1.0530252070063666 0 1277.2950172804995 0.9630377213308674 7.3113509602646936
11 66 1.055925335473287 0 812.8780143264537 0.061357009353983694 8.550317397738889
12 72 1.0525350485620277 0 869.0830269051381 0.3361996520971887 7.343362338079272
13 78 0.838896404320315 0 1095.8025198889939 0.5454922648825743 7.156850370230806
14 84 0.9630211936081325 0 425.35860834861313 0.07744243059221412 8.303185838623556
15 90 0.8286528219342892 0 1077.1634713254227 0.5219011536079183 7.232829161640139
16 96 0.7271057479958145 0 805.7128712432683 0.29887410045959917 8.084876046905674
17 102 0.6971203964893419 0 287.7350455707793 0.10188208252096959 7.913207077584298
18 108 0.70927707449649 0 642.8882179812989 0.20779722294515532 7.12559516418052
19 114 0.7854146845945921 0 850.3414982841093 0.08110890074408428 6.903304453175908
20 120 0.6874486646817234 0 729.4679668702619 0.07947656019457039 7.262453068031783
21 126 0.789420479563429 0 940.4136309751714 0.250321413813868 6.380116769069599
22 132 0.5998005099767492 0 742.7969457548629 0.23714291594797415 6.973935986083904
23 138 0.5170033604762141 0 431.2746272568862 0.14340157578043866 7.357141872791378
24 144 0.4654280148216053 0 382.54460894284534 0.10874898212617871 7.509000969873675
25 150 0.7588381831637083 0 328.32101058738994 0.08364266724599884 8.306634133895164
26 156 0.7985571993872079 0 405.0672487125412 0.1602352764198452 7.643774716408744
27 162 0.6586975553879836 0 348.21544666442463 0.08622419781827238 8.112019681084634
28 168 0.618632190126231 0 339.5895064884214 0.162225869416991 8.181421683560592
29 174 0.527030940816849 0 440.0085799951768 0.08174892459645894 7.996867282927303
30 180 0.40548078017864503 0 233.06508653238927 0.13461317034405104 8.22265630896312
31 186 0.3912690693870049 0 290.5152208553224 0.13500250281080525 7.881375793888409
32 192 0.33072827861923043 0 252.54410383335443 0.13424678172502436 8.083834053040736
33 198 0.3734119929647268 0 231.33841339067195 0.13934397573270654 8.377597706635843
34 204 0.37903765558143393 0 183.8631992441385 0.11564212091922482 8.291883297146587
35 210 0.7343804869082333 0 104.18412515845613 0.11217102701869854 8.873137726967707
36 216 0.8068009447598121 0 136.95203482108067 0.11585217017882911 8.616538482662627
37 222 0.769836260885058 0 87.98502776817 0.10827584863393037 8.99609958025985
38 228 0.689549897904774 0 122.51314255881844 0.1172954698633794 8.786494570533772
39 234 0.5902948921330021 0 73.22275920489244 0.1095755400009417 9.287405502960233
40 240 0.6976378018219355 0 45.78928729519434 0.09825809525635662 9.59349183691928
41 246 0.7391315439233735 0 57.306401643975555 0.0879233627999615 9.782004167007152
42 252 0.7328922605665696 0 38.32162613962023 0.09416196511178938 9.892066593952785
43 258 0.5641223183186445 0 48.01192354295352 0.10080383120723481 9.988471564395509
44 264 0.6139159738495893 0 42.83299477003601 0.09632073395905524 10.196594666264359
45 270 0.543269584952655 0 39.35852397775777 0.08987487159215492 10.113838633633087
46 276 0.5108691859045129 0 38.57265002179029 0.09404022679053536 9.880794915324975
47 282 0.40565093959879206 0 37.87615877176383 0.0915711264386095 10.051776695474244
48 288 0.3300042390866783 0 40.56614116991536 0.09050273975534599 9.982005773723323
49 294 0.32403608337652073 0 37.7006042183213 0.09467127203432175 9.936043112111719
50 300 0.3129069327185817 0 37.81260071104895 0.0954013756772162 9.971452113442464
51 306 0.3080590526187577 0 38.75223127872861 0.09652054092507847 9.95814481195035
52 312 0.2495686226409273 0 37.91044300379755 0.09553254903662228 9.95608706511006
53 318 0.25710342250683 0 37.10765645067922 0.09360434952593345 10.04581009088732
54 324 0.2453393340715698 0 37.126385536902 0.09345447226137013 10.075765770933016
55 330 0.20025766388205588 0 37.2134433408913 0.09321136809823274 10.108489833531202
56 336 0.1680339260083531 0 37.096405809935256 0.0928441170970664 10.07798842616338
57 342 0.13265701661679685 0 37.083401189980535 0.09327936554755555 10.065221706215484
58 348 0.11111449839640117 0 37.08183164226088 0.09329352612015802 10.057970599480784
59 354 0.08583090075903123 0 37.08043721308892 0.09321530115336346 10.065068352156636
60 360 0.0695610175307284 0 37.0885009890343 0.09326909806863248 10.048901018694847
61 366 0.06519525650098264 0 37.082293196797124 0.09326713026973937 10.064597560173185
62 372 0.054808942932525744 0 37.0817295415761 0.09329190167201913 10.058656571271491
63 378 0.04267349734225595 0 37.07966520071404 0.09317005821266969 10.063227705630283
64 384 0.03987471635535978 0 37.080528505967244 0.0931886625220399 10.06692248198242
65 390 0.0325104834899863 0 37.07993600195771 0.09321540841051895 10.061152898120815
66 396 0.02478914793369672 0 37.07966907906805 0.09319094913162487 10.06303739497992
67 402 0.025860258716025663 0 37.07965377980772 0.09316709377766143 10.064609025672633
68 408 0.019690271531081632 0 37.07963790785703 0.09318125831851999 10.063278215387514
69 414 0.01714186286904345 0 37.07963741039723 0.0931676605203686 10.06423775497007
70 420 0.013939235304679054 0 37.07967214796293 0.09316795250094431 10.06327979579499
71 426 0.013469920136067995 0 37.07965982550678 0.0931746470949857 10.064485646784597
72 432 0.010415328725423462 0 37.079631759615275 0.09317020523707539 10.063855378712999
73 438 0.007904741832628686 0 37.07963670457971 0.09316984359632953 10.064258662273476
74 444 0.006311908749361605 0 37.07963079488192 0.09317077198753591 10.064015418756874
75 450 0.006287642008445133 0 37.079629465637595 0.09317432012121624 10.06393264891119
76 456 0.005251495441151994 0 37.07962844173735 0.09317589841701816 10.0637532265481
77 462 0.005323782762321222 0 37.07962898832797 0.09317698109232578 10.063666339322053
78 468 0.0042065651751240635 0 37.0796281637472 0.09317417202028905 10.063802711183769
79 474 0.003357196756023147 0 37.07962818340162 0.09317401472170551 10.063801121286398
80 480 0.0027345749081018928 0 37.07962833766941 0.093174687412363 10.063714008860405
81 486 0.00231679420164616 0 37.0796282991317 0.09317520152699665 10.063706847044728
82 492 0.002330343855841639 0 37.079628182692645 0.09317503969711878 10.063736251291775
83 498 0.002485694713998619 0 37.07962826023709 0.09317554639029235 10.063738179886107
84 504 0.0019249325109445047 0 37.07962817537674 0.09317468647946708 10.063799197996609
85 510 0.0017197516852246236 0 37.079628135063814 0.093174440358389 10.06377593665365
86 516 0.001319435009646411 0 37.07962814245203 0.09317484809794485 10.063755095165531
87 522 0.0009587862001818419 0 37.07962812841805 0.09317461505158603 10.063777579251905
88 528 0.0008705209343839553 0 37.07962812836716 0.09317456802800528 10.06377581912034
89 534 0.0007649521282277749 0 37.07962812856674 0.09317455299638545 10.06377751322369
90 540 0.0006542642238417775 0 37.079628130000074 0.09317471959384258 10.063767856308877
91 546 0.0005573744918775742 0 37.07962812843549 0.0931746509983043 10.063771121884681
92 552 0.00048627273393452323 0 37.07962812861477 0.09317465983381372 10.063775449603082
93 558 0.00048779119891109615 0 37.07962812894182 0.09317464218918803 10.06376992409785
94 564 0.0003975307043652882 0 37.0796281280377 0.09317461268453824 10.063776121156279
95 570 0.00037787263352115726 0 37.07962812816 0.0931745936819983 10.063777177905006
96 576 0.0002861572417886955 0 37.0796281280371 0.09317459285141484 10.063775525295998
97 582 0.0002157915312103277 0 37.07962812808048 0.09317460360190924 10.06377662127437
98 588 0.00018169753665722105 0 37.079628127957626 0.0931746088813528 10.063774954027446
99 594 0.00015165969416267372 0 37.07962812795428 0.0931746098677845 10.063775079230664
100 600 0.00013172668576385697 0 37.079628127967396 0.09317460522268295 10.063775308009417
101 606 9.939700864790325e-05 0 37.07962812794989 0.09317461246781429 10.063774920664592
102 612 0.0001005577224960848 0 37.07962812794918 0.09317461863146419 10.063774539311964
103 618 7.214327968623213e-05 0 37.07962812794861 0.09317461693744418 10.063774608817575
104 624 6.33662397139264e-05 0 37.07962812794966 0.09317462061816151 10.063774626362399
105 630 6.354781311351389e-05 0 37.079628127950194 0.09317462070032125 10.063774512222018
106 636 5.886809832041247e-05 0 37.07962812794723 0.09317461697899697 10.063774749536865
107 642 5.1141123819066725e-05 0 37.07962812794739 0.09317461558326509 10.063774798788094
108 648 4.426817932694283e-05 0 37.07962812794725 0.09317461717984676 10.06377473169384
109 654 3.435565755143928e-05 0 37.07962812794722 0.09317461659050019 10.063774766870894
110 660 3.0137324774867362e-05 0 37.07962812794735 0.09317461604827151 10.063774754900118
111 666 3.13117235823337e-05 0 37.07962812794724 0.09317461642893203 10.063774800303486
112 672 2.2844899045217684e-05 0 37.07962812794721 0.0931746162579289 10.06377478386066
113 678 2.2355599577013837e-05 0 37.07962812794726 0.0931746169913923 10.063774747467775
114 684 1.829939926687483e-05 0 37.07962812794723 0.09317461622337604 10.063774788360023
115 690 1.3460587449312432e-05 0 37.079628127947224 0.09317461643580986 10.06377476314423
116 696 1.3927173593624276e-05 0 37.07962812794718 0.09317461675410796 10.063774758075034
117 702 1.2967015073570926e-05 0 37.079628127947196 0.09317461643517626 10.063774774428595
118 708 1.1941176589289796e-05 0 37.079628127947196 0.09317461677802162 10.063774758466373
119 714 9.370210542855906e-06 0 37.079628127947174 0.09317461650131925 10.063774761512098
120 720 7.809998846070897e-06 0 37.07962812794719 0.09317461660444151 10.063774762935111
